[    c
  r [1, 1, 1, 1, 1, 1, 1, 1, 1, 1, 1, 1, 1, 1, 1, 1, 1, 1, 1, 1, 1, 1, 1, 1, 1, 1], 
    [1, 0, 0, 3, 3, 0, 3, 0, 0, 0, 0, 0, 0, 0, 0, 0, 0, 0, 0, 3, 0, 3, 3, 0, 0, 1], 
    [1, 0, 1, 3, 2, 2, 2, 2, 2, 2, 0, 2, 2, 2, 2, 0, 2, 2, 2, 2, 2, 2, 3, 1, 0, 1], 
    [1, 0, 2, 1, 0, 0, 0, 2, 2, 0, 0, 2, 2, 2, 2, 0, 0, 0, 2, 0, 0, 0, 1, 2, 0, 1], 
    [1, 0, 2, 2, 1, 5, 0, 2, 2, 0, 2, 1, 1, 1, 1, 2, 0, 0, 2, 0, 5, 1, 2, 2, 0, 1], 
    [1, 0, 0, 2, 2, 1, 2, 2, 2, 0, 2, 1, 2, 2, 1, 2, 0, 0, 2, 2, 1, 2, 2, 0, 0, 1], 
    [1, 0, 0, 0, 2, 3, 2, 2, 0, 0, 2, 2, 2, 2, 2, 2, 0, 0, 2, 2, 3, 2, 0, 0, 0, 1], 
    [1, 0, 0, 0, 3, 0, 3, 3, 0, 0, 2, 6, 0, 0, 6, 2, 0, 0, 3, 3, 0, 3, 0, 0, 0, 1], 
    [1, 0, 0, 2, 2, 1, 2, 2, 0, 2, 2, 0, 0, 0, 0, 2, 2, 0, 2, 2, 1, 2, 2, 0, 0, 1], 
    [1, 0, 2, 2, 1, 5, 0, 2, 0, 2, 2, 0, 0, 0, 0, 2, 2, 0, 2, 0, 5, 1, 2, 2, 0, 1], 
    [1, 0, 2, 1, 0, 0, 0, 0, 0, 3, 3, 0, 3, 3, 0, 3, 3, 0, 0, 0, 0, 0, 1, 2, 0, 1], 
    [1, 0, 1, 2, 2, 2, 2, 2, 0, 2, 2, 2, 0, 0, 2, 2, 2, 0, 2, 2, 2, 2, 2, 1, 0, 1], 
    [1, 0, 0, 3, 0, 3, 0, 3, 0, 0, 0, 0, 0, 0, 0, 0, 0, 0, 3, 0, 3, 0, 3, 0, 0, 1], 
    [1, 1, 1, 1, 1, 1, 1, 1, 1, 1, 1, 1, 1, 1, 1, 1, 1, 1, 1, 1, 1, 1, 1, 1, 1, 1]
]

0 - (có thể đi qua)																		
1 - (Không thể đi qua)																		
2 - (có thể đi qua)																		
3 - (có thể đi qua)																		
5 - (không thể đi qua)																		
6 - goal



r = 1 |
c = 1 | => [(r-1, c-1), (r-1, c), (r-1, c+1), 
            (r, c-1),             (r, c+1),
            (r+1, c-1), (r+1, c), (r+1, c+1)]





